cluster, VIMOSU, MegaCamu, VIMOSB, Suprimeg, VIMOSV, Suprimer, VIMOSR, Suprimei, VIMOSI, HSCz, VIMOSz, DECamz, GMOSz, HSCy, Suprimey, HAWKIY, FOURSTARJ1, HAWKIJ, FOURSTARJ, WIRCamJ, FOURSTARKs, HAWKIKs, WIRCamK, IRAC1, IRAC2
SpARCS-0035, 0.043, 999, -0.024, 999, -0.009, 999, 0.001, 999, 0.003, 999, 999, -0.005, 999, 999, 999, 999, -0.005, 0.025, 999, 999, 999, -0.073, 999, 0.067, -0.018
SpARCS-0219, 0.054, 999, -0.026, 999, 0.007, 999, 0.002, 999, -0.038, 999, 0.018, 999, 999, 999, 999, 999, 0.02, 999, 0.058, 999, -0.056, 999, 999, 0.046, 0.01
SpARCS-0335, 0.06, 999, -0.046, 999, 0.021, 999, 0.003, 999, -0.014, 999, -0.009, 999, 999, 999, 999, 0.027, 999, 999, -0.03, 999, 999, -0.069, 999, 0.037, -0.033
SpARCS-1034, 999, 999, 999, 0.018, 999, -0.016, 999, 0.001, 999, 0.001, 999, 999, 999, 0.015, 999, 999, 999, 999, 999, 0.008, 999, 999, -0.045, 0.107, 0.003
SpARCS-1051, 999, 0.106, 999, -0.06, 999, -0.021, 999, 0.02, 999, -0.01, 999, 999, 999, -0.009, 999, 999, 999, 999, 999, 0.026, 999, 999, -0.017, 0.045, 0.035
SpARCS-1616, 999, 0.152, 999, -0.071, 999, -0.036, 999, 0.014, 999, 999, 999, 999, 0.023, 999, 999, 999, 999, 999, 999, -0.018, 999, 999, -0.029, 0.056, 0.026
SpARCS-1634, 999, 0.218, 999, -0.031, 999, -0.048, 999, 0.0, 999, 999, 999, 999, 0.033, 999, 999, 999, 999, 999, 999, -0.011, 999, 999, -0.045, 0.062, 0.014
SpARCS-1638, 999, 0.188, 999, -0.045, 999, -0.04, 999, -0.003, 999, 999, 999, 999, 0.01, 999, 0.011, 999, 999, 999, 999, -0.01, 999, 999, -0.01, 0.016, 0.009
SPTCL-0205, 0.094, 999, -0.038, 999, -0.059, 999, -0.01, 999, -0.009, 999, 0.021, 999, 999, 999, 999, 999, 0.031, 999, 0.013, 999, -0.058, 999, 999, 0.038, -0.011
SPTCL-0546, 0.009, 999, -0.01, 999, 0.048, 999, -0.019, 999, 0.014, 999, 0.009, 999, 999, 999, 999, 999, -0.012, 999, 0.031, 999, -0.06, 999, 999, 0.065, -0.035
